[collage.jpg]
filters=finetune2=1,0.000000,0.000000,0.000000,00000000,0.309942;radblur=1,0.500000,0.500000,-1.000000,-1.000000;Vignette=1,10.233918,1.181287,29.239765,00000000;
moddate=0ecc66416df6cf01
width=1680
height=900
textactive=0
[back1.jpg]
filters=radblur=1,0.500000,0.500000,-1.000000,1.000000;
moddate=eebbc6046ef6cf01
width=46
height=29
textactive=0
[back.jpg]
filters=finetune2=1,0.000000,0.000000,0.480000,00000000,0.134503;HDR=1,80.000000,7.000000,0.000000;QuantizePalette=1,30.000000,64.327484,25.146198;Invert=1;finetune2=1,0.000000,0.370526,0.033684,00000000,0.263158;HDR=1,1.300000,1.947368,47.953217;finetune2=1,0.000000,0.000000,0.238596,00808084,0.005848;
moddate=19ab08446ff6cf01
width=200
height=200
textactive=0
